
6846.3428020477295
563.1868839263916
558.2127571105957
548.6240386962891
553.300142288208
546.5412139892578
549.1688251495361
541.8784618377686
548.8548278808594
552.4921417236328
543.7960624694824
546.2906360626221
547.1043586730957
548.8662719726562
546.3149547576904
540.1144027709961
534.4858169555664
547.9815006256104
546.9038486480713
543.3015823364258
541.994571685791
546.7722415924072
545.0053215026855
544.4724559783936
529.7048091888428
540.6506061553955
544.8226928710938
544.6436405181885
545.2494621276855
547.0478534698486
539.8626327514648
547.5623607635498
541.8546199798584
540.5619144439697
538.5093688964844
548.4511852264404
546.1394786834717
543.0393218994141
549.3288040161133
542.9906845092773
545.7329750061035
542.3505306243896
541.2454605102539
545.0291633605957
540.4462814331055
542.6056385040283
541.8083667755127
543.8234806060791
540.4937267303467
543.2229042053223
545.6764698028564
546.7040538787842
546.7863082885742
546.9346046447754
560.8389377593994
554.5446872711182
554.6903610229492
553.7066459655762
558.5334300994873
547.513484954834
553.6630153656006
543.9746379852295
542.5148010253906
558.2499504089355
536.6506576538086
540.7652854919434
545.8283424377441
539.0808582305908
538.0878448486328
535.8519554138184
539.2782688140869
534.6310138702393
536.8387699127197
538.661003112793
536.9143486022949
537.4276638031006
543.1582927703857
538.233757019043
534.1353416442871
536.3326072692871
538.2671356201172
538.0957126617432
535.2473258972168
537.0893478393555
532.4759483337402
538.6486053466797
534.0654850006104
534.7118377685547
536.2973213195801
535.4411602020264
534.0890884399414
531.8970680236816
534.6717834472656
534.818172454834
535.5730056762695
531.9795608520508
644.2980766296387
531.5392017364502
533.0190658569336
529.7861099243164
528.9905071258545
526.8142223358154
526.6361236572266
531.6698551177979
525.5005359649658
530.1520824432373
528.5768508911133
526.663064956665
527.4910926818848
527.1000862121582
530.3263664245605
538.9623641967773
546.1905002593994
538.703441619873
540.0872230529785
538.9893054962158
541.3758754730225
535.8655452728271
538.7799739837646
539.0288829803467
539.9696826934814
556.7667484283447
531.7306518554688
532.2914123535156
531.2385559082031
536.7879867553711
537.0428562164307
531.1915874481201
537.3923778533936
528.343677520752
534.7874164581299
528.3980369567871
530.0314426422119
529.2143821716309
530.1961898803711
527.2312164306641
529.9863815307617
526.970624923706
528.3863544464111
529.1934013366699
526.1175632476807
529.2344093322754
527.6703834533691
528.3756256103516
527.6272296905518
527.9014110565186
526.6704559326172
529.9921035766602
527.9240608215332
528.5179615020752
526.3664722442627
527.2789001464844
528.733491897583
529.0615558624268
534.4297885894775
525.1893997192383
526.181697845459
524.6529579162598
529.583215713501
528.4237861633301
528.7055969238281
524.4081020355225
526.768684387207
527.1337032318115
525.0575542449951
527.8267860412598
525.0394344329834
527.8067588806152
523.9090919494629
530.3740501403809
539.3342971801758
542.1254634857178
539.0307903289795
537.8730297088623
537.1651649475098
535.4409217834473
542.788028717041
539.4821166992188
537.0070934295654
533.7011814117432
536.8156433105469
535.6581211090088
538.9714241027832
529.848575592041
532.3855876922607
533.5073471069336
533.9725017547607
533.494234085083
529.545783996582
532.8459739685059
530.158281326294
535.3677272796631
530.4970741271973
532.7882766723633
528.9247035980225
532.6085090637207
528.6860466003418
531.0971736907959
530.8191776275635
529.3536186218262
530.1215648651123
526.9114971160889
528.0797481536865
526.421308517456
529.6628475189209
526.113748550415
529.188871383667
636.7456912994385
529.8504829406738
532.1576595306396
527.7462005615234
531.2440395355225
525.2292156219482
530.6534767150879
531.2681198120117
528.1949043273926
525.2327919006348
527.7163982391357
529.0560722351074
527.4367332458496
528.465986251831
527.0185470581055
532.0730209350586
533.7762832641602
527.9531478881836
525.0160694122314
528.7721157073975
528.588056564331
530.3196907043457
523.5586166381836
530.7989120483398
547.7981567382812
541.4338111877441
540.8778190612793
535.7620716094971
538.2273197174072
534.03639793396
536.4699363708496
537.8818511962891
535.6380939483643
531.2161445617676
534.4703197479248
529.6857357025146
532.6292514801025
532.1407318115234
533.8129997253418
535.2506637573242
531.2511920928955
536.4725589752197
531.3379764556885
587.2149467468262
554.3949604034424
549.0221977233887
545.006513595581
541.6908264160156
539.9742126464844
539.8201942443848
545.2914237976074
541.1665439605713
546.8571186065674
533.353328704834
537.8158092498779
540.6453609466553
538.4461879730225
533.0088138580322
529.2870998382568
541.405200958252
526.970624923706
538.4726524353027
534.7366333007812
543.3926582336426
538.5911464691162
537.7445220947266
537.9331111907959
539.5264625549316
539.7729873657227
537.5328063964844
545.4339981079102
532.7825546264648
543.5850620269775
538.0904674530029
539.3233299255371
540.7509803771973
534.5792770385742
538.8243198394775
541.5430068969727
541.9807434082031
540.6804084777832
542.0622825622559
550.9665012359619
556.3986301422119
552.8736114501953
546.1392402648926
550.9486198425293
547.7972030639648
549.262285232544
547.2991466522217
549.5357513427734
545.3522205352783
547.659158706665
2503.6697387695312
547.6675033569336
539.517879486084
542.3402786254883
541.0261154174805
532.9527854919434
537.7373695373535
545.4611778259277
543.8613891601562
538.7687683105469
543.5988903045654
538.9816761016846
544.327974319458
526.8862247467041
547.8217601776123
554.7957420349121
560.5993270874023
559.6728324890137
554.3181896209717
552.2480010986328
553.3871650695801
554.0668964385986
554.2652606964111
550.5108833312988
549.8018264770508
549.0443706512451
549.0107536315918
545.5622673034668
548.2974052429199
538.9072895050049
550.5635738372803
546.7641353607178
547.2002029418945
542.0222282409668
546.5614795684814
547.0259189605713
541.5060520172119
543.9245700836182
542.3109531402588
545.2203750610352
542.931079864502
545.3011989593506
539.6361351013184
543.8194274902344
543.5969829559326
542.3581600189209
543.3456897735596
540.4336452484131
544.1389083862305
540.813684463501
543.4491634368896
541.48268699646
540.8108234405518
545.6078052520752
540.978193283081
543.956995010376
541.2759780883789
547.1458435058594
537.5208854675293
540.4043197631836
540.6296253204346
542.6619052886963
544.0278053283691
539.3855571746826
538.6621952056885
539.0801429748535
542.435884475708
541.1477088928223
539.313793182373
536.5476608276367
543.503999710083
540.963888168335
541.9690608978271
544.0776348114014
553.2364845275879
556.3488006591797
553.5025596618652
557.0149421691895
551.7489910125732
554.4891357421875
550.9476661682129
549.9179363250732
551.5210628509521
546.5686321258545
549.0620136260986
545.6337928771973
546.0093021392822
545.8321571350098
549.9463081359863
547.691822052002
544.9676513671875
547.1394062042236
540.9409999847412
544.4941520690918
541.2309169769287
543.0200099945068
539.1721725463867
545.1295375823975
542.1404838562012
544.346809387207
541.8722629547119
544.1303253173828
545.9434986114502
531.9726467132568
544.2028045654297
647.9036808013916
541.6843891143799
539.0417575836182
541.9917106628418
543.9193248748779
540.7342910766602
543.3566570281982
538.5985374450684
543.5702800750732
543.297290802002
540.5826568603516
542.2968864440918
540.2300357818604
542.3848628997803
540.50612449646
542.4673557281494
538.337230682373
543.1311130523682
546.0660457611084
541.7964458465576
541.0292148590088
540.6637191772461
543.5242652893066
541.2826538085938
541.5022373199463
539.1454696655273
545.1364517211914
556.2763214111328
553.356409072876
549.3974685668945
549.4060516357422
551.8584251403809
555.7417869567871
548.7585067749023
549.8554706573486
549.0317344665527
567.5580501556396
546.9670295715332
549.3993759155273
548.2263565063477
545.8881855010986
541.534423828125
543.907642364502
540.1918888092041
544.8048114776611
546.8363761901855
540.4798984527588
541.2769317626953
540.7404899597168
541.4037704467773
539.1154289245605
540.503978729248
539.2763614654541
540.7097339630127
541.8341159820557
537.7156734466553
539.1941070556641
537.6014709472656
538.8779640197754
538.3737087249756
546.3244915008545
536.6170406341553
538.9621257781982
540.8573150634766
538.26904296875
539.5278930664062
538.8574600219727
540.6880378723145
537.1725559234619
539.7295951843262
537.5707149505615
541.1403179168701
537.1096134185791
542.532205581665
540.510892868042
538.0973815917969
538.7799739837646
537.1527671813965
540.3225421905518
537.621259689331
538.1631851196289
537.8007888793945
541.959285736084
546.2100505828857
545.4738140106201
555.1145076751709
550.0035285949707
551.0821342468262
549.5717525482178
550.6942272186279
546.3967323303223
548.9733219146729
550.6942272186279
545.9794998168945
546.2803840637207
543.2438850402832
544.713020324707
545.5100536346436
545.2818870544434
544.044017791748
546.090841293335
544.1780090332031
542.3910617828369
544.9578762054443
541.8651103973389
542.1578884124756
538.9513969421387
541.6715145111084
540.5247211456299
655.0686359405518
545.245885848999
543.4203147888184
575.0274658203125
577.4626731872559
555.0079345703125
557.2350025177002
545.1149940490723
535.0866317749023
539.630651473999
541.3868427276611
537.5065803527832
540.9612655639648
543.4422492980957
538.9931201934814
539.0148162841797
539.3567085266113
541.7025089263916
537.6884937286377
540.9502983093262
537.7545356750488
539.808988571167
538.9735698699951
541.4607524871826
536.9930267333984
539.4999980926514
536.6218090057373
541.1896705627441
539.9901866912842
539.1249656677246
540.1918888092041
536.2939834594727
543.0905818939209
554.9027919769287
555.3832054138184
552.4330139160156
519.9680328369141
568.4802532196045
546.4804172515869
548.6550331115723
543.3909893035889
547.931432723999
549.8285293579102
542.9427623748779
546.5648174285889
547.6779937744141
547.7466583251953
544.21067237854
545.4277992248535
541.64719581604
543.3833599090576
540.1811599731445
544.1460609436035
539.848804473877
543.7061786651611
546.7448234558105
541.2940979003906
542.2556400299072
536.2019538879395
547.3175048828125
538.4149551391602
538.4998321533203
535.5527400970459
540.2779579162598
538.9618873596191
540.9317016601562
542.7939891815186
541.7754650115967
542.5455570220947
538.9246940612793
542.9489612579346
537.1091365814209
538.8069152832031
536.8187427520752
540.4839515686035
537.9009246826172
534.6417427062988
539.1743183135986
539.1151905059814
540.776252746582
537.6529693603516
541.2781238555908
548.0186939239502
541.0332679748535
541.9549942016602
539.1654968261719
172.43266105651855
58.36153030395508
53.77984046936035
52.785396575927734
52.78658866882324
51.056861877441406
49.10731315612793
48.264503479003906
48.1417179107666
49.820899963378906
47.457218170166016
47.246456146240234
48.53940010070801
49.01933670043945
50.995826721191406
49.039363861083984
47.789812088012695
50.07028579711914
48.9048957824707
46.4930534362793
47.223567962646484
44.180870056152344
45.74179649353027
45.83930969238281
46.8137264251709
77.26025581359863
57.69085884094238
47.78718948364258
45.81952095031738
48.06017875671387
56.53667449951172
59.07416343688965
55.437326431274414
52.19435691833496
47.7147102355957
47.75667190551758
46.1878776550293
45.24421691894531
46.4169979095459
46.30780220031738
56.04362487792969
46.34904861450195
46.76508903503418
52.948951721191406
47.67036437988281
53.61008644104004
49.019575119018555
51.64051055908203
50.780534744262695
46.32878303527832
45.59016227722168
47.341346740722656
47.54924774169922
46.628713607788086
47.60599136352539
46.13137245178223
46.10323905944824
47.196149826049805
46.85688018798828
47.441959381103516
45.861005783081055
48.66790771484375
46.62013053894043
46.88668251037598
47.00517654418945
49.80921745300293
60.8677864074707
52.14858055114746
45.64857482910156
45.37653923034668
46.34594917297363
46.83184623718262
45.9747314453125
44.721126556396484
47.655582427978516
45.8064079284668
46.842098236083984
44.04330253601074
48.894643783569336
56.0450553894043
53.24840545654297
49.382925033569336
50.01115798950195
50.21977424621582
45.52412033081055
46.6921329498291
47.934532165527344
43.26128959655762
46.49615287780762
47.09982872009277
52.309274673461914
46.92697525024414
43.75410079956055
46.91338539123535
46.3869571685791
46.75436019897461
51.337480545043945
45.14670372009277
46.34499549865723
46.150922775268555
51.1932373046875
46.97918891906738
50.798654556274414
56.16331100463867
49.27515983581543
49.094438552856445
46.82111740112305
47.066450119018555
50.4755973815918
49.65376853942871
50.17399787902832
50.803184509277344
48.990488052368164
50.22263526916504
49.230098724365234
51.51534080505371
48.645734786987305
48.6452579498291
49.730539321899414
54.69512939453125
49.74079132080078
52.35576629638672
53.009033203125
49.248456954956055
46.24295234680176
48.56705665588379
48.07710647583008
48.87700080871582
47.04475402832031
55.2828311920166
60.85085868835449
63.98606300354004
47.265052795410156
49.539804458618164
50.92358589172363
47.141313552856445
50.15850067138672
49.22366142272949
53.93338203430176
50.44817924499512
49.437761306762695
45.015811920166016
48.41136932373047
75.38342475891113
47.66511917114258
47.41621017456055
47.84893989562988
55.39059638977051
46.73433303833008
48.116445541381836
47.37210273742676
46.24009132385254
48.471927642822266
49.21293258666992
50.63915252685547
47.32346534729004
47.84536361694336
49.04365539550781
48.41017723083496
46.62942886352539
47.743797302246094
46.56410217285156
47.27792739868164
48.60091209411621
49.59559440612793
49.7133731842041
46.56505584716797
46.77271842956543
49.32379722595215
56.613922119140625
49.8499870300293
54.865121841430664
47.11794853210449
48.774003982543945
54.66294288635254
46.885013580322266
46.68569564819336
53.52020263671875
50.99749565124512
49.041748046875
47.23930358886719
52.93440818786621
54.879188537597656
60.202836990356445
59.87906455993652
77.88443565368652
61.31887435913086
54.8243522644043
56.836843490600586
53.769826889038086
53.029537200927734
59.266090393066406
55.774688720703125
43.760061264038086
45.95685005187988
48.877716064453125
48.166751861572266
49.92175102233887
51.080942153930664
53.99155616760254
49.6978759765625
55.93752861022949
59.80992317199707
63.75885009765625
52.915334701538086
57.12246894836426
62.56914138793945
64.01753425598145
52.81996726989746
49.31831359863281
51.1782169342041
69.89121437072754
60.501813888549805
48.37942123413086
47.15919494628906
48.0198860168457
71.40183448791504
45.81880569458008
44.90327835083008
48.0499267578125
48.94685745239258
47.10888862609863
45.83883285522461
48.63619804382324
51.94425582885742
56.081533432006836
51.027536392211914
50.84657669067383
65.17267227172852
53.29132080078125
50.466299057006836
54.003000259399414
52.721261978149414
52.29902267456055
53.026437759399414
55.466651916503906
57.08503723144531
48.69961738586426
49.09539222717285
48.66981506347656
56.99324607849121
50.94337463378906
48.3853816986084
47.03354835510254
47.1494197845459
53.0695915222168
47.85776138305664
49.5448112487793
51.18751525878906
50.97365379333496
66.1313533782959
59.81254577636719
52.36983299255371
55.0382137298584
51.88608169555664
49.965620040893555
47.63531684875488
46.94008827209473
46.90909385681152
47.132015228271484
54.41880226135254
57.16419219970703
59.050559997558594
58.09617042541504
58.55393409729004
55.320024490356445
58.72941017150879
53.78580093383789
55.005788803100586
54.174184799194336
57.46817588806152
61.71822547912598
56.25319480895996
47.9884147644043
55.80639839172363
49.34883117675781
52.13212966918945
59.903621673583984
50.490617752075195
47.78885841369629
54.7640323638916
50.47750473022461
51.18989944458008
48.52867126464844
49.88598823547363
49.904823303222656
49.86834526062012
48.1724739074707
47.135353088378906
50.51541328430176
48.890113830566406
46.717166900634766
47.05214500427246
46.83661460876465
54.244279861450195
84.60211753845215
52.973031997680664
51.34987831115723
55.586814880371094
62.71505355834961
178.91430854797363
19.112586975097656
17.534971237182617
15.607595443725586
19.129514694213867
16.184568405151367
18.56708526611328
16.547441482543945
16.68834686279297
15.552520751953125
16.266345977783203
16.649484634399414
17.711639404296875
16.267061233520508
18.598318099975586
20.036935806274414
16.106843948364258
18.587350845336914
15.137195587158203
18.68414878845215
15.501022338867188
17.579317092895508
16.882658004760742
15.528440475463867
15.922069549560547
18.72849464416504
16.910076141357422
17.998218536376953
15.437602996826172
19.412994384765625
15.885114669799805
18.56517791748047
15.41590690612793
17.795801162719727
17.15540885925293
17.826557159423828
17.62104034423828
15.160322189331055
15.958070755004883
16.56484603881836
16.585588455200195
19.614696502685547
21.736621856689453
16.98756217956543
17.039775848388672
15.862703323364258
15.110969543457031
16.741037368774414
16.272783279418945
26.307344436645508
22.61519432067871
21.319150924682617
19.91558074951172
21.6829776763916
16.59846305847168
16.29042625427246
18.05591583251953
20.241975784301758
18.66459846496582
17.076730728149414
16.484975814819336
19.586563110351562
17.111778259277344
19.91105079650879
17.56739616394043
19.201278686523438
17.132997512817383
16.1287784576416
17.885923385620117
18.676042556762695
16.86835289001465
16.361236572265625
18.805265426635742
18.09215545654297
15.942811965942383
18.314361572265625
15.592575073242188
16.65949821472168
16.045570373535156
18.285274505615234
16.61539077758789
20.169496536254883
19.313573837280273
17.108917236328125
18.469572067260742
19.54174041748047
20.075082778930664
17.526626586914062
20.807504653930664
17.936229705810547
19.449710845947266
16.02649688720703
18.984556198120117
15.74087142944336
16.815662384033203
16.253232955932617
17.18616485595703
16.537189483642578
17.50779151916504
16.230344772338867
16.596555709838867
14.585733413696289
27.657032012939453
20.023822784423828
19.56629753112793
17.897605895996094
20.904064178466797
17.162084579467773
20.026206970214844
15.63572883605957
19.18959617614746
18.87989044189453
16.47019386291504
15.537500381469727
17.348051071166992
18.89514923095703
15.530109405517578
16.99686050415039
17.681360244750977
17.460346221923828
15.72561264038086
21.540164947509766
16.133785247802734
16.353368759155273
15.806436538696289
17.445087432861328
15.551328659057617
21.093130111694336
17.65727996826172
16.47186279296875
16.508817672729492
16.139507293701172
15.820980072021484
16.042470932006836
20.262718200683594
18.709897994995117
16.478300094604492
19.962072372436523
16.026973724365234
21.18849754333496
16.737937927246094
16.460418701171875
17.560958862304688
18.08929443359375
17.418861389160156
15.798330307006836
18.273115158081055
17.771005630493164
16.151905059814453
16.566991806030273
16.74485206604004
16.965866088867188
17.323732376098633
16.199827194213867
18.33057403564453
15.643119812011719
17.27151870727539
19.048213958740234
17.964601516723633
18.55921745300293
15.428543090820312
15.612602233886719
20.917654037475586
15.920400619506836
17.054080963134766
19.930601119995117
18.12148094177246
16.635656356811523
17.757415771484375
18.868207931518555
19.00196075439453
18.95427703857422
15.841007232666016
16.70098304748535
15.868902206420898
19.16337013244629
20.037174224853516
15.806913375854492
15.259981155395508
16.05224609375
17.058610916137695
17.5325870513916
15.737056732177734
16.883134841918945
19.33455467224121
18.587350845336914
20.87116241455078
18.353939056396484
17.680883407592773
17.87877082824707
19.15264129638672
18.403053283691406
20.707130432128906
20.81894874572754
20.020246505737305
19.726276397705078
20.137786865234375
17.635345458984375
18.938541412353516
15.202999114990234
16.56937599182129
15.560388565063477
18.759727478027344
16.679763793945312
16.866683959960938
16.31760597229004
16.690969467163086
17.110347747802734
19.586801528930664
20.08366584777832
16.750097274780273
19.32835578918457
15.991449356079102
15.757560729980469
17.905473709106445
16.020774841308594
16.54219627380371
15.92397689819336
17.261743545532227
16.93272590637207
18.798828125
17.032861709594727
15.893697738647461
15.83552360534668
17.60101318359375
16.116619110107422
15.979528427124023
19.38652992248535
17.13728904724121
20.38288116455078
17.04239845275879
19.689083099365234
16.779422760009766
17.81773567199707
15.095949172973633
16.9827938079834
15.88582992553711
19.321918487548828
16.071796417236328
16.863346099853516
17.83466339111328
15.538930892944336
15.044927597045898
17.560482025146484
18.206119537353516
17.297983169555664
20.746707916259766
19.753694534301758
21.168947219848633
18.480539321899414
53.980112075805664
23.634672164916992
16.57247543334961
19.967079162597656
17.09580421447754
14.981985092163086
18.10455322265625
13.631582260131836
15.98215103149414
15.149116516113281
14.847278594970703
17.92740821838379
18.93758773803711
15.278816223144531
17.003536224365234
16.734838485717773
15.07115364074707
15.280723571777344
21.221160888671875
17.438888549804688
19.860029220581055
16.08133316040039
16.054153442382812
17.73834228515625
16.147851943969727
14.63460922241211
17.03810691833496
15.951156616210938
17.163753509521484
19.98138427734375
19.051790237426758
16.34526252746582
16.47353172302246
14.32657241821289
16.299724578857422
18.268823623657227
16.069650650024414
20.906686782836914
16.58773422241211
14.863967895507812
16.628265380859375
17.978429794311523
16.872882843017578
19.166946411132812
16.094446182250977
20.13421058654785
15.998601913452148
16.09039306640625
15.746831893920898
17.528295516967773
137.04872131347656
248.4283447265625
362.8847599029541
186.56158447265625
18.072128295898438
16.508102416992188
20.656108856201172
19.070148468017578
16.86692237854004
18.426179885864258
18.01586151123047
16.095876693725586
19.860506057739258
16.548633575439453
16.59393310546875
19.084692001342773
21.389245986938477
20.57671546936035
19.520998001098633
16.27039909362793
19.658803939819336
17.26984977722168
17.5778865814209
22.680282592773438
20.046710968017578
16.042709350585938
16.031980514526367
16.46280288696289
17.867565155029297
16.648054122924805
16.7236328125
17.200231552124023
15.902519226074219
18.07546615600586
21.84295654296875
27.072668075561523
15.798568725585938
18.29385757446289
18.91493797302246
17.81153678894043
18.46790313720703
17.07601547241211
16.646385192871094
17.672300338745117
16.2811279296875
17.037630081176758
15.245437622070312
16.562700271606445
17.33112335205078
18.646240234375
17.159461975097656
17.542362213134766
15.320301055908203
17.066240310668945
16.07203483581543
17.630815505981445
16.1898136138916
16.27182960510254
17.988204956054688
18.87965202331543
17.746448516845703
19.114255905151367
17.234325408935547
18.06497573852539
18.249034881591797
16.713619232177734
15.462160110473633
20.624637603759766
16.266822814941406
18.55945587158203
14.842748641967773
25.195598602294922
18.593788146972656
18.662691116333008
20.66659927368164
25.45642852783203
19.116878509521484
19.787073135375977
16.35456085205078
17.65298843383789
16.493797302246094
17.07911491394043
18.804550170898438
18.756628036499023
18.859386444091797
17.04692840576172
17.443180084228516
18.42331886291504
15.60068130493164
18.857955932617188
16.933679580688477
16.257286071777344
18.300533294677734
18.50295066833496
18.978118896484375
16.51930809020996
17.075300216674805
20.569324493408203
23.137331008911133
17.63749122619629
21.06451988220215
20.79176902770996
18.236875534057617
15.748023986816406
17.368555068969727
17.47608184814453
16.219377517700195
18.83840560913086
18.07880401611328
19.800186157226562
16.500234603881836
16.588449478149414
17.068862915039062
18.561363220214844
16.817331314086914
18.66316795349121
16.485214233398438
22.140026092529297
19.2110538482666
18.375158309936523
19.659757614135742
21.0573673248291
19.422531127929688
16.648530960083008
17.650365829467773
17.627716064453125
18.103837966918945
20.946264266967773
20.137310028076172
16.77727699279785
20.07007598876953
20.345211029052734
21.634817123413086
18.328189849853516
17.165660858154297
17.598628997802734
17.015695571899414
18.971920013427734
18.904924392700195
21.912574768066406
21.035432815551758
19.716978073120117
20.844697952270508
20.758390426635742
20.964384078979492
20.437955856323242
17.251968383789062
32.67025947570801
21.444082260131836
21.970033645629883
18.388032913208008
33.49184989929199
18.15962791442871
17.919063568115234
22.205352783203125
19.28567886352539
18.674850463867188
19.149303436279297
19.2410945892334
18.16248893737793
18.716812133789062
21.41857147216797
17.986297607421875
20.452260971069336
18.109560012817383
19.804716110229492
19.3328857421875
19.40751075744629
17.704248428344727
18.331050872802734
19.091129302978516
17.471790313720703
20.636796951293945
18.598318099975586
20.273447036743164
17.87257194519043
17.07005500793457
17.595529556274414
15.93160629272461
18.56541633605957
19.157886505126953
17.127275466918945
17.95816421508789
17.858028411865234
16.581058502197266
19.86980438232422
19.035816192626953
18.09835433959961
18.399715423583984
17.033815383911133
21.15654945373535
19.915342330932617
20.65110206604004
21.16227149963379
21.270751953125
18.921852111816406
20.940303802490234
20.25890350341797
18.78976821899414
20.266056060791016
19.1652774810791
20.24245262145996
20.153522491455078
20.287513732910156
18.606901168823242
20.692825317382812
19.431591033935547
19.795656204223633
18.710613250732422
19.415616989135742
20.804882049560547
23.067235946655273
22.255659103393555
21.976947784423828
20.56145668029785
20.398855209350586
19.347190856933594
20.238876342773438
20.84946632385254
21.1179256439209
22.037029266357422
20.177841186523438
22.316455841064453
21.779537200927734
20.58243751525879
18.79096031188965
20.804882049560547
19.81663703918457
20.240068435668945
19.814252853393555
20.64800262451172
21.91948890686035
21.347761154174805
21.004199981689453
23.65422248840332
19.626855850219727
20.098209381103516
20.293474197387695
19.583940505981445
19.58012580871582
18.503427505493164
20.029067993164062
19.371747970581055
18.745899200439453
20.112276077270508
21.186113357543945
21.293163299560547
20.290613174438477
20.171165466308594
20.214557647705078
19.15454864501953
20.17974853515625
19.28400993347168
51.20587348937988
21.80027961730957
20.412921905517578
19.636869430541992
20.952701568603516
18.78666877746582
20.51687240600586
19.352197647094727
18.495798110961914
19.90056037902832
19.476890563964844
19.788742065429688
19.58608627319336
18.725156784057617
20.710468292236328
19.550323486328125
19.402742385864258
17.75193214416504
19.632816314697266
22.177457809448242
21.111488342285156
21.050691604614258
19.176959991455078
19.750595092773438
19.20604705810547
18.594980239868164
18.48888397216797
19.353151321411133
18.167972564697266
18.560171127319336
17.72928237915039
19.178390502929688
20.584583282470703
17.773151397705078
19.10543441772461
19.37723159790039
21.85201644897461
20.073413848876953
20.911693572998047
20.725250244140625
18.376588821411133
19.545555114746094
20.051956176757812
21.70419692993164
18.685340881347656
17.999887466430664
17.850875854492188
22.646427154541016
19.954204559326172
20.97296714782715
661.2026691436768
16.09516143798828
18.275976181030273
17.23790168762207
15.785694122314453
18.682241439819336
17.157793045043945
28.308868408203125
25.994062423706055
18.266677856445312
18.643856048583984
15.08641242980957
18.856048583984375
19.069910049438477
17.032384872436523
15.630483627319336
18.002748489379883
18.229246139526367
23.172616958618164
17.00139045715332
17.352819442749023
19.57082748413086
16.168594360351562
14.532089233398438
17.1051025390625
18.241405487060547
21.943330764770508
21.03400230407715
17.517566680908203
20.158767700195312
20.47443389892578
19.32382583618164
19.930362701416016
19.885778427124023
19.167184829711914
18.74232292175293
19.694089889526367
19.604206085205078
20.650625228881836
21.40641212463379
19.06418800354004
19.036293029785156
19.27495002746582
19.64545249938965
18.314123153686523
19.394874572753906
18.831253051757812
17.085790634155273
19.10233497619629
20.715951919555664
19.155263900756836
19.65188980102539
18.49508285522461
18.948078155517578
18.087387084960938
18.908262252807617
18.903732299804688
20.77507972717285
19.03557777404785
18.0056095123291
20.257234573364258
25.409460067749023
21.573305130004883
17.351627349853516
23.906707763671875
18.869400024414062
23.02241325378418
19.194602966308594
19.00339126586914
21.400928497314453
21.598100662231445
22.447586059570312
18.90420913696289
22.042512893676758
20.284414291381836
21.78788185119629
21.158933639526367
21.564006805419922
21.06928825378418
22.068500518798828
20.6906795501709
22.76444435119629
22.669315338134766
23.743152618408203
20.68638801574707
20.395755767822266
19.958972930908203
49.846649169921875
45.778751373291016
51.843881607055664
51.83243751525879
48.17795753479004
47.53589630126953
16.602516174316406
23.6208438873291
22.43185043334961
22.284746170043945
18.882274627685547
18.83220672607422
18.170833587646484
17.5933837890625
22.154808044433594
19.202470779418945
15.707015991210938
19.810914993286133
15.869617462158203
19.09780502319336
16.90959930419922
17.211437225341797
20.934581756591797
21.396398544311523
21.401643753051758
20.205974578857422
20.25127410888672
19.927024841308594
19.477128982543945
19.942283630371094
20.11585235595703
18.49651336669922
20.116567611694336
47.884225845336914
47.58572578430176
49.118757247924805
48.67053031921387
50.0490665435791
49.573659896850586
47.49631881713867
50.27341842651367
51.37777328491211
72.77488708496094
49.45254325866699
48.55060577392578
50.66537857055664
47.78599739074707
48.91538619995117
56.485891342163086
52.48284339904785
50.86970329284668
55.052757263183594
48.48003387451172
53.53903770446777
48.83933067321777
50.77767372131348
47.72138595581055
49.247026443481445
43.15376281738281
18.12434196472168
18.98813247680664
19.475460052490234
19.74773406982422
18.887042999267578
18.669843673706055
18.268108367919922
19.617319107055664
18.665790557861328
18.662691116333008
17.78888702392578
18.156051635742188
18.191814422607422
19.253253936767578
17.6389217376709
17.760038375854492
18.320560455322266
17.676591873168945
18.073081970214844
17.544269561767578
16.785144805908203
19.29020881652832
17.30823516845703
16.615629196166992
17.697811126708984
17.790794372558594
16.363859176635742
18.12458038330078
20.62368392944336
29.127120971679688
19.107580184936523
16.43657684326172
17.992734909057617
20.80535888671875
19.196033477783203
21.190404891967773
20.132064819335938
19.038915634155273
21.085500717163086
20.734786987304688
18.443822860717773
21.201372146606445
19.59991455078125
23.5292911529541
21.718740463256836
19.598722457885742
19.06609535217285
20.17664909362793
47.1949577331543
17.5933837890625
18.091678619384766
23.57769012451172
20.16735076904297
18.703222274780273
21.587371826171875
19.915342330932617
19.03820037841797
18.051624298095703
17.049074172973633
17.5778865814209
17.549991607666016
18.056631088256836
17.5628662109375
18.15032958984375
18.575191497802734
16.8454647064209
17.684459686279297
17.136335372924805
17.587900161743164
18.890857696533203
21.231412887573242
21.364212036132812
22.518396377563477
23.219823837280273
19.07968521118164
17.992019653320312
19.485950469970703
17.902374267578125
18.950462341308594
18.31960678100586
17.57502555847168
18.062829971313477
17.009735107421875
18.088102340698242
17.740964889526367
19.003868103027344
19.72031593322754
19.468069076538086
16.798019409179688
18.461942672729492
16.306638717651367
17.65894889831543
17.09127426147461
19.23656463623047
19.433021545410156
17.107725143432617
16.573190689086914
23.86784553527832
19.078969955444336
18.15652847290039
19.835233688354492
17.621994018554688
20.668745040893555
20.687580108642578
232.4965000152588
20.160436630249023
18.990755081176758
16.20769500732422
18.460750579833984
19.13166046142578
20.21622657775879
16.71743392944336
15.774726867675781
20.069122314453125
65.0629997253418
17.338991165161133
18.371105194091797
21.12555503845215
17.731428146362305
15.672922134399414
20.65300941467285
15.098333358764648
20.192861557006836
17.532825469970703
18.106937408447266
61.58041954040527
16.925811767578125
16.53742790222168
17.06099510192871
18.539905548095703
17.558574676513672
16.648530960083008
17.872333526611328
18.001079559326172
15.534639358520508
17.598628997802734
21.82316780090332
15.824079513549805
18.059968948364258
16.164541244506836
16.284942626953125
20.540952682495117
16.898393630981445
20.622968673706055
18.898963928222656
19.7906494140625
16.775846481323242
19.87004280090332
119.62532997131348
18.6769962310791
20.839214324951172
32.63401985168457
17.086505889892578
22.925138473510742
